0,114
0,115
0,116
0,117
0,118
0,716
0,1178
0,1179
0,1180
0,1181
0,1201
0,1202
0,1203
0,1204
0,1205
0,1206
1,116
1,117
1,118
1,119
1,120
1,716
1,1178
1,1179
1,1180
1,1181
1,1182
1,1202
1,1203
1,1204
1,1205
1,1206
1,1207
2,118
2,119
2,120
2,121
2,122
2,716
2,1178
2,1179
2,1180
2,1181
2,1182
2,1183
2,1184
2,1204
2,1205
2,1206
2,1207
2,1208
2,1209
3,120
3,121
3,122
3,716
3,1179
3,1180
3,1181
3,1182
3,1183
3,1184
3,1185
3,1205
3,1206
3,1207
3,1208
3,1209
3,1210
4,122
4,123
4,124
4,716
4,717
4,1181
4,1182
4,1183
4,1184
4,1185
4,1186
4,1187
4,1207
4,1208
4,1209
4,1210
4,1211
4,1212
5,124
5,125
5,126
5,716
5,717
5,1182
5,1183
5,1184
5,1185
5,1186
5,1187
5,1188
5,1189
5,1209
5,1210
5,1211
5,1212
5,1213
5,1214
6,126
6,127
6,128
6,129
6,130
6,716
6,717
6,1184
6,1185
6,1186
6,1187
6,1188
6,1189
6,1190
6,1210
6,1211
6,1212
6,1213
6,1214
6,1215
7,129
7,130
7,131
7,132
7,716
7,717
7,1185
7,1186
7,1187
7,1188
7,1189
7,1190
7,1191
7,1192
7,1212
7,1213
7,1214
7,1215
7,1216
7,1217
8,131
8,132
8,133
8,717
8,1187
8,1188
8,1189
8,1190
8,1191
8,1192
8,1193
8,1213
8,1214
8,1215
8,1216
8,1217
8,1218
9,132
9,133
9,134
9,135
9,717
9,1189
9,1190
9,1191
9,1192
9,1193
9,1194
9,1195
9,1215
9,1216
9,1217
9,1218
9,1219
9,1220
10,134
10,135
10,136
10,137
10,717
10,1190
10,1191
10,1192
10,1193
10,1194
10,1195
10,1196
10,1216
10,1217
10,1218
10,1219
10,1220
10,1221
11,135
11,136
11,137
11,138
11,717
11,1192
11,1193
11,1194
11,1195
11,1196
11,1197
11,1198
11,1218
11,1219
11,1220
11,1221
12,137
12,138
12,139
12,140
12,717
12,718
12,1193
12,1194
12,1195
12,1196
12,1197
12,1198
12,1199
12,1200
12,1220
13,139
13,140
13,141
13,142
13,717
13,718
13,1195
13,1196
13,1197
13,1198
13,1199
13,1200
13,1201
14,140
14,141
14,142
14,143
14,717
14,718
14,1197
14,1198
14,1199
14,1200
14,1201
14,1202
14,1203
14,1214
14,1215
14,1216
14,1217
14,1218
14,1219
14,1220
14,1221
14,1222
14,1223
14,1224
14,1225
14,1226
15,142
15,143
15,144
15,145
15,717
15,718
15,1198
15,1199
15,1200
15,1201
15,1202
15,1203
15,1204
15,1214
15,1215
15,1216
15,1217
15,1218
15,1219
15,1220
15,1221
15,1222
15,1223
15,1224
15,1225
15,1226
16,143
16,144
16,145
16,146
16,718
16,1200
16,1201
16,1202
16,1203
16,1204
16,1205
16,1206
16,1214
16,1215
16,1216
16,1217
16,1221
16,1222
16,1223
16,1226
17,145
17,146
17,147
17,148
17,718
17,1201
17,1202
17,1203
17,1204
17,1205
17,1206
17,1207
17,1214
17,1215
17,1216
17,1222
18,146
18,147
18,148
18,149
18,718
18,1203
18,1204
18,1205
18,1206
18,1207
18,1208
18,1209
18,1214
18,1215
18,1216
18,1219
18,1220
18,1222
18,1224
18,1225
19,148
19,149
19,150
19,151
19,718
19,1204
19,1205
19,1206
19,1207
19,1208
19,1209
19,1210
19,1211
19,1214
19,1215
19,1216
19,1219
19,1220
19,1222
20,149
20,150
20,151
20,152
20,718
20,1206
20,1207
20,1208
20,1209
20,1210
20,1211
20,1212
20,1214
20,1215
20,1216
20,1222
21,151
21,152
21,153
21,154
21,705
21,706
21,718
21,1208
21,1209
21,1210
21,1211
21,1212
21,1214
21,1215
21,1216
21,1219
21,1222
21,1224
21,1225
22,153
22,154
22,155
22,156
22,705
22,706
22,718
22,1209
22,1210
22,1211
22,1212
22,1214
22,1215
22,1216
22,1219
22,1220
22,1222
23,154
23,155
23,156
23,157
23,705
23,706
23,718
23,1211
23,1212
23,1214
23,1215
23,1216
23,1217
23,1218
23,1219
23,1220
23,1221
23,1222
23,1223
23,1226
24,156
24,157
24,158
24,159
24,705
24,706
24,1212
24,1214
24,1215
24,1216
24,1217
24,1218
24,1219
24,1220
24,1221
24,1222
24,1223
24,1224
24,1225
24,1226
25,158
25,159
25,705
25,706
25,707
25,1214
25,1215
25,1216
25,1217
25,1218
25,1219
25,1220
25,1221
25,1222
25,1223
25,1224
25,1225
25,1226
26,706
26,707
27,163
27,706
27,707
27,1217
27,1218
27,1219
27,1220
27,1221
27,1222
27,1223
28,163
28,164
28,165
28,706
28,707
28,1219
28,1220
28,1221
28,1222
28,1223
28,1224
28,1225
29,163
29,164
29,165
29,166
29,706
29,707
29,719
29,720
29,1220
29,1221
29,1222
29,1223
29,1224
29,1225
29,1226
30,165
30,166
30,167
30,706
30,707
30,719
30,720
30,1222
30,1223
30,1224
30,1225
30,1226
31,167
31,168
31,169
31,706
31,707
31,1223
31,1224
31,1225
31,1226
32,168
32,169
32,170
32,1225
32,1226
33,169
33,170
33,171
33,707
33,709
33,710
33,711
33,712
33,713
33,718
33,734
33,752
33,758
33,774
33,800
33,808
33,815
33,816
33,832
33,835
33,853
33,1226
34,170
34,171
34,172
34,707
34,709
34,714
34,718
34,734
34,752
34,753
34,758
34,770
34,800
34,808
34,809
34,815
34,816
34,832
34,853
35,171
35,172
35,173
35,707
35,709
35,715
35,718
35,734
35,752
35,753
35,758
35,769
35,770
35,800
35,808
35,809
35,815
35,816
35,832
35,853
36,172
36,173
36,174
36,175
36,707
36,709
36,715
36,718
36,719
36,720
36,721
36,722
36,723
36,726
36,727
36,729
36,730
36,734
36,737
36,741
36,742
36,744
36,752
36,754
36,758
36,762
36,763
36,765
36,769
36,770
36,774
36,778
36,779
36,780
36,781
36,785
36,786
36,787
36,788
36,789
36,793
36,794
36,796
36,797
36,800
36,808
36,809
36,814
36,816
36,820
36,821
36,823
36,828
36,829
36,830
36,831
36,832
36,835
36,839
36,840
36,842
36,843
36,846
36,847
36,849
36,850
36,853
37,174
37,175
37,176
37,709
37,715
37,718
37,719
37,723
37,726
37,730
37,734
37,736
37,745
37,752
37,755
37,758
37,766
37,770
37,774
37,777
37,782
37,785
37,790
37,793
37,797
37,800
37,808
37,810
37,814
37,816
37,820
37,824
37,827
37,832
37,835
37,839
37,843
37,846
37,850
37,853
38,175
38,176
38,177
38,709
38,715
38,718
38,723
38,730
38,734
38,735
38,744
38,745
38,752
38,755
38,758
38,765
38,766
38,770
38,774
38,777
38,782
38,785
38,790
38,797
38,800
38,808
38,810
38,813
38,814
38,816
38,819
38,820
38,824
38,827
38,832
38,835
38,838
38,850
38,853
39,176
39,177
39,178
39,709
39,715
39,718
39,723
39,726
39,727
39,730
39,734
39,735
39,736
39,741
39,744
39,745
39,752
39,756
39,758
39,762
39,765
39,766
39,770
39,774
39,777
39,782
39,785
39,790
39,793
39,794
39,797
39,800
39,808
39,811
39,813
39,816
39,819
39,820
39,821
39,822
39,823
39,824
39,827
39,832
39,835
39,838
39,846
39,847
39,850
39,853
40,177
40,178
40,179
40,180
40,709
40,715
40,718
40,723
40,726
40,730
40,734
40,736
40,737
40,740
40,745
40,752
40,756
40,757
40,758
40,761
40,766
40,770
40,774
40,777
40,782
40,785
40,790
40,793
40,797
40,800
40,808
40,811
40,813
40,816
40,819
40,827
40,832
40,835
40,838
40,846
40,850
40,853
41,178
41,179
41,180
41,709
41,714
41,718
41,723
41,726
41,730
41,734
41,737
41,740
41,741
41,744
41,745
41,752
41,757
41,758
41,761
41,762
41,765
41,766
41,770
41,774
41,777
41,781
41,782
41,785
41,790
41,793
41,797
41,800
41,808
41,811
41,812
41,816
41,820
41,827
41,831
41,832
41,835
41,839
41,843
41,846
41,850
41,853
42,180
42,709
42,710
42,711
42,712
42,713
42,718
42,723
42,726
42,727
42,728
42,729
42,730
42,731
42,734
42,738
42,741
42,742
42,743
42,744
42,745
42,752
42,758
42,762
42,763
42,764
42,765
42,766
42,770
42,771
42,774
42,778
42,779
42,780
42,781
42,785
42,790
42,793
42,794
42,795
42,796
42,797
42,800
42,808
42,812
42,816
42,821
42,822
42,823
42,824
42,828
42,829
42,830
42,831
42,832
42,835
42,839
42,840
42,841
42,842
42,846
42,847
42,848
42,849
42,850
42,853
43,181
43,182
44,182
44,183
45,183
45,184
45,709
45,710
45,722
46,184
46,185
46,186
46,709
46,710
46,722
46,723
47,186
47,187
47,722
47,723
48,187
48,188
48,189
48,722
48,723
49,188
49,189
49,190
49,709
49,710
49,722
49,723
49,732
49,733
49,764
49,770
49,797
49,812
50,189
50,190
50,191
50,192
50,709
50,710
50,728
50,736
50,749
50,764
50,770
50,801
50,812
51,190
51,191
51,192
51,193
51,709
51,710
51,728
51,729
51,736
51,737
51,748
51,749
51,764
51,770
51,800
51,801
51,812
52,192
52,193
52,194
52,709
52,710
52,713
52,714
52,716
52,717
52,721
52,722
52,723
52,724
52,728
52,729
52,732
52,736
52,737
52,740
52,745
52,748
52,749
52,753
52,754
52,756
52,764
52,770
52,774
52,775
52,777
52,778
52,782
52,783
52,785
52,789
52,790
52,792
52,793
52,797
52,800
52,801
52,805
52,806
52,808
52,812
53,193
53,194
53,195
53,709
53,710
53,713
53,717
53,721
53,725
53,728
53,732
53,736
53,740
53,745
53,749
53,753
53,757
53,764
53,765
53,766
53,767
53,768
53,769
53,770
53,774
53,778
53,782
53,786
53,789
53,793
53,794
53,797
53,801
53,809
53,812
54,194
54,195
54,196
54,709
54,710
54,713
54,717
54,721
54,728
54,732
54,736
54,740
54,745
54,749
54,752
54,753
54,757
54,764
54,770
54,773
54,779
54,782
54,789
54,794
54,797
54,801
54,808
54,809
54,812
55,195
55,196
55,197
55,709
55,710
55,713
55,717
55,722
55,723
55,724
55,728
55,732
55,736
55,740
55,745
55,749
55,752
55,753
55,754
55,755
55,756
55,757
55,764
55,770
55,773
55,779
55,783
55,784
55,785
55,789
55,794
55,797
55,801
55,805
55,808
55,809
55,812
56,196
56,197
56,198
56,199
56,709
56,710
56,713
56,717
56,725
56,728
56,732
56,736
56,740
56,745
56,749
56,752
56,764
56,770
56,773
56,779
56,786
56,789
56,794
56,797
56,801
56,804
56,809
56,812
57,197
57,198
57,199
57,709
57,710
57,713
57,717
57,720
57,721
57,725
57,728
57,732
57,736
57,740
57,741
57,744
57,745
57,749
57,753
57,764
57,770
57,774
57,778
57,781
57,782
57,786
57,789
57,793
57,797
57,801
57,804
57,805
57,808
57,809
57,812
58,199
58,709
58,713
58,717
58,721
58,722
58,723
58,724
58,729
58,732
58,737
58,741
58,742
58,743
58,744
58,745
58,749
58,750
58,754
58,755
58,756
58,757
58,764
58,770
58,775
58,776
58,777
58,782
58,783
58,784
58,785
58,789
58,790
58,791
58,792
58,793
58,797
58,801
58,802
58,805
58,806
58,807
58,808
58,809
58,812
59,789
60,711
60,789
61,711
61,712
61,724
61,725
61,789
62,711
62,712
62,725
63,711
63,712
63,725
65,715
65,730
65,733
66,715
66,728
66,730
66,733
66,744
66,753
67,709
67,710
67,715
67,725
67,729
67,733
67,739
67,740
67,751
68,709
68,712
68,715
68,720
68,722
68,727
68,733
68,738
68,741
68,747
68,750
69,214
69,712
69,715
69,733
69,739
69,747
70,214
70,215
70,711
70,715
70,733
70,736
70,748
70,749
71,214
71,215
71,216
71,217
71,715
71,733
72,215
72,216
72,217
72,218
72,727
73,217
73,218
73,713
73,727
74,218
74,728
75,728
76,714
76,715
76,728
76,729
77,714
77,715
77,728
77,729
78,714
78,715
78,729
79,714
79,715
79,729
80,715
80,716
80,729
80,730
81,715
81,716
81,729
81,730
82,715
82,716
82,730
83,715
83,716
83,730
84,716
84,717
84,730
84,731
85,716
85,717
85,730
85,731
86,716
86,717
86,731
87,716
87,717
87,731
88,717
88,731
88,732
89,717
89,718
89,731
89,732
90,717
90,718
90,732
91,717
91,718
91,732
92,257
92,258
92,269
92,270
92,271
92,718
92,732
92,733
93,253
93,254
93,255
93,263
93,264
93,265
93,272
93,273
93,274
93,718
93,719
93,732
93,733
94,250
94,251
94,264
94,265
94,275
94,276
94,718
94,719
94,733
95,246
95,247
95,248
95,278
95,279
95,280
95,718
95,719
95,733
96,243
96,244
96,245
96,274
96,275
96,276
96,281
96,282
96,719
96,733
96,734
97,240
97,241
97,275
97,276
97,277
97,284
97,285
97,719
97,720
97,733
97,734
98,236
98,237
98,238
98,287
98,288
98,719
98,720
98,734
99,233
99,234
99,289
99,290
99,291
99,719
99,720
99,734
100,231
100,292
100,293
100,294
100,719
100,720
100,734
100,735
101,230
101,295
101,296
101,297
101,720
101,721
101,734
101,735
102,230
102,298
102,299
102,300
102,720
102,721
102,735
103,301
103,302
103,303
103,720
103,721
103,735
103,736
104,229
104,303
104,304
104,305
104,720
104,721
104,735
104,736
105,229
105,299
105,307
105,308
105,721
105,736
106,229
106,299
106,300
106,301
106,310
106,311
106,721
106,722
106,736
106,737
107,301
107,313
107,314
107,315
107,316
107,317
107,318
107,319
107,320
107,321
107,322
107,721
107,722
107,737
108,228
108,344
108,345
108,346
108,347
108,348
108,349
108,350
108,351
108,352
108,721
108,722
108,737
108,738
109,228
109,358
109,359
109,360
109,361
109,362
109,363
109,364
109,365
109,366
109,367
109,368
109,369
109,370
109,371
109,372
109,373
109,374
109,375
109,376
109,377
109,378
109,409
109,441
109,442
109,443
109,444
109,445
109,446
109,447
109,448
109,449
109,450
109,451
109,452
109,456
109,457
109,458
109,459
109,460
109,461
109,462
109,463
109,464
109,465
109,466
109,467
109,468
109,469
109,470
109,471
109,472
109,473
109,474
109,475
109,476
109,477
109,478
109,479
109,480
109,481
109,482
109,483
109,484
109,485
109,486
109,487
109,488
109,722
109,737
109,738
110,228
110,493
110,494
110,495
110,496
110,497
110,498
110,499
110,500
110,501
110,502
110,503
110,504
110,505
110,506
110,507
110,508
110,509
110,722
110,723
110,738
111,514
111,515
111,516
111,517
111,518
111,519
111,722
111,723
111,738
111,739
112,227
112,313
112,534
112,535
112,536
112,537
112,538
112,539
112,540
112,541
112,542
112,543
112,544
112,545
112,546
112,547
112,548
112,549
112,550
112,551
112,722
112,723
112,739
113,227
113,315
113,316
113,317
113,556
113,557
113,558
113,559
113,560
113,561
113,562
113,563
113,564
113,565
113,566
113,567
113,568
113,569
113,570
113,571
113,572
113,723
113,739
113,740
114,227
114,318
114,319
114,320
114,576
114,577
114,578
114,579
114,580
114,581
114,582
114,583
114,584
114,585
114,586
114,587
114,588
114,589
114,590
114,591
114,592
114,593
114,723
114,724
114,739
114,740
115,226
115,227
115,318
115,319
115,320
115,321
115,598
115,599
115,600
115,601
115,602
115,603
115,604
115,605
115,606
115,607
115,608
115,609
115,610
115,611
115,612
115,613
115,614
115,615
115,616
115,723
115,724
115,740
116,226
116,320
116,321
116,322
116,323
116,619
116,620
116,621
116,622
116,623
116,624
116,625
116,626
116,627
116,628
116,629
116,630
116,631
116,632
116,633
116,634
116,723
116,724
116,740
116,741
117,226
117,316
117,321
117,322
117,323
117,324
117,640
117,641
117,642
117,643
117,644
117,645
117,646
117,647
117,648
117,649
117,654
117,655
117,723
117,724
117,741
118,226
118,316
118,317
118,318
118,323
118,324
118,325
118,326
118,661
118,662
118,663
118,664
118,668
118,669
118,670
118,671
118,724
118,725
118,741
118,742
119,226
119,316
119,317
119,318
119,319
119,324
119,325
119,326
119,327
119,689
119,690
119,724
119,725
119,742
119,743
120,225
120,318
120,319
120,320
120,321
120,326
120,327
120,328
120,329
120,724
120,725
120,742
120,743
121,225
121,320
121,321
121,322
121,323
121,328
121,329
121,330
121,725
121,726
122,225
122,321
122,322
122,323
122,324
122,329
122,330
122,725
122,726
122,727
123,225
123,323
123,324
123,325
123,326
123,331
123,726
123,727
124,224
124,324
124,325
124,326
124,327
124,332
124,333
124,334
124,335
124,727
124,728
125,224
125,326
125,327
125,328
125,329
125,334
125,335
125,336
125,712
125,727
125,728
125,729
125,745
125,746
126,224
126,327
126,328
126,329
126,330
126,335
126,336
126,337
126,713
126,728
126,729
126,745
126,746
126,747
127,224
127,329
127,330
127,331
127,336
127,337
127,338
127,713
127,729
127,746
127,747
128,223
128,330
128,331
128,332
128,337
128,338
128,339
128,729
128,730
128,746
128,747
128,748
129,223
129,331
129,332
129,333
129,338
129,339
129,340
129,714
129,729
129,730
129,731
129,747
129,748
130,223
130,332
130,333
130,334
130,339
130,340
130,341
130,714
130,730
130,731
130,747
130,748
130,749
131,223
131,333
131,334
131,335
131,340
131,341
131,342
131,715
131,730
131,731
131,732
131,748
131,749
132,334
132,335
132,336
132,341
132,342
132,715
132,731
132,732
132,748
132,749
132,750
133,222
133,731
133,732
133,749
133,750
134,222
134,716
134,731
134,732
134,733
134,749
134,750
134,751
135,222
135,716
135,732
135,733
135,750
135,751
136,339
136,340
136,345
136,717
136,732
136,733
136,751
137,221
137,339
137,340
137,341
137,346
137,348
137,717
137,732
137,733
137,734
137,743
137,744
137,745
137,746
137,747
137,748
137,749
137,750
137,751
138,221
138,340
138,341
138,342
138,347
138,348
138,349
138,732
138,733
138,736
138,737
138,738
138,739
138,740
138,741
138,742
138,743
138,744
138,745
138,746
138,747
138,748
138,749
138,750
138,751
138,752
138,753
138,754
138,755
138,756
139,221
139,341
139,342
139,343
139,348
139,349
139,718
139,732
139,733
139,736
139,737
139,738
139,739
139,752
139,753
139,754
139,755
139,756
139,757
139,758
139,759
139,760
139,761
139,762
140,342
140,343
140,344
140,349
140,350
140,732
140,733
140,750
140,758
140,759
140,760
140,761
140,762
140,763
140,764
140,765
140,766
140,767
141,220
141,343
141,344
141,345
141,350
141,351
141,719
141,732
141,733
141,749
141,750
141,751
141,764
141,765
141,766
141,767
141,768
141,769
141,770
142,220
142,344
142,345
142,346
142,351
142,352
142,719
142,732
142,733
142,749
142,750
142,768
142,769
142,770
142,771
142,772
143,220
143,345
143,346
143,347
143,352
143,353
143,720
143,732
143,733
143,749
143,750
143,771
143,772
143,773
143,774
143,775
144,346
144,347
144,348
144,353
144,354
144,720
144,732
144,733
144,749
144,750
144,773
144,774
144,775
144,776
144,777
144,778
145,219
145,347
145,348
145,349
145,354
145,355
145,732
145,733
145,749
145,750
145,776
145,777
145,778
145,779
145,780
146,219
146,348
146,349
146,350
146,355
146,356
146,357
146,721
146,749
146,750
146,779
146,780
146,781
146,782
146,783
147,219
147,351
147,356
147,357
147,358
147,721
147,749
147,750
147,781
147,782
147,783
147,784
148,219
148,351
148,352
148,357
148,358
148,359
148,722
148,749
148,750
148,783
148,784
148,785
149,219
149,352
149,353
149,358
149,359
149,360
149,722
149,749
149,750
149,784
149,785
149,786
150,219
150,353
150,354
150,359
150,360
150,361
150,749
150,750
150,785
150,786
150,787
150,801
151,219
151,354
151,355
151,360
151,361
151,362
151,723
151,749
151,750
151,786
151,787
151,788
152,219
152,355
152,356
152,361
152,362
152,723
152,748
152,749
152,750
152,787
152,788
152,789
153,219
153,356
153,357
153,361
153,362
153,363
153,724
153,748
153,749
153,750
153,788
153,789
153,790
154,219
154,357
154,358
154,362
154,363
154,364
154,724
154,748
154,749
154,789
154,790
154,791
155,358
155,359
155,363
155,364
155,748
155,749
155,791
155,792
156,359
156,360
156,364
156,365
156,725
156,748
156,749
156,792
156,793
157,218
157,360
157,361
157,364
157,365
157,366
157,725
157,748
157,749
157,792
157,793
157,794
158,218
158,360
158,361
158,365
158,366
158,367
158,726
158,748
158,749
158,793
158,794
159,218
159,360
159,361
159,362
159,366
159,367
159,726
159,732
159,733
159,748
159,749
159,793
159,794
159,795
160,361
160,362
160,363
160,366
160,367
160,368
160,732
160,733
160,748
160,749
160,794
160,795
161,362
161,363
161,367
161,368
161,369
161,727
161,732
161,733
161,748
161,749
161,794
161,795
161,796
162,363
162,364
162,368
162,369
162,727
162,732
162,733
162,748
162,749
162,795
162,796
163,364
163,365
163,369
163,370
163,728
163,732
163,733
163,748
163,749
163,795
163,796
163,797
164,369
164,370
164,371
164,728
164,732
164,733
164,747
164,748
164,749
164,796
164,797
165,370
165,371
165,372
165,732
165,733
165,747
165,748
165,796
165,797
165,798
166,367
166,371
166,372
166,729
166,732
166,733
166,747
166,748
166,797
166,798
167,366
167,367
167,368
167,371
167,372
167,373
167,731
167,732
167,733
167,747
167,748
167,797
167,798
167,799
168,367
168,368
168,372
168,373
168,374
168,730
168,731
168,732
168,733
168,747
168,748
168,798
168,799
169,367
169,368
169,369
169,373
169,374
169,730
169,731
169,732
169,733
169,747
169,748
169,799
169,800
170,368
170,369
170,370
170,373
170,374
170,375
170,731
170,732
170,747
170,748
170,799
170,800
171,369
171,370
171,374
171,375
171,376
171,731
171,732
171,747
171,748
171,800
171,801
172,369
172,370
172,371
172,375
172,376
172,377
172,731
172,732
172,747
172,748
172,800
172,801
173,370
173,371
173,372
173,376
173,377
173,731
173,732
173,747
173,748
173,801
173,802
174,217
174,371
174,372
174,373
174,376
174,377
174,378
174,731
174,732
174,733
174,747
174,748
174,801
174,802
175,217
175,371
175,372
175,373
175,377
175,378
175,379
175,731
175,732
175,733
175,746
175,747
175,748
175,802
175,803
176,217
176,372
176,373
176,374
176,378
176,379
176,731
176,732
176,733
176,746
176,747
177,217
177,373
177,374
177,375
177,378
177,379
177,380
177,731
177,732
177,733
177,746
177,747
177,804
178,217
178,374
178,375
178,379
178,380
178,381
178,731
178,732
178,734
178,746
178,747
178,804
179,217
179,374
179,375
179,376
179,380
179,381
179,382
179,731
179,732
179,746
179,747
180,217
180,375
180,376
180,377
180,381
180,382
180,731
180,732
180,746
180,747
180,809
181,217
181,376
181,377
181,381
181,382
181,383
181,731
181,732
181,735
181,746
181,747
181,809
181,810
182,376
182,377
182,378
182,382
182,383
182,384
182,731
182,732
182,746
182,747
182,810
182,811
182,812
183,377
183,378
183,379
183,383
183,384
183,731
183,732
183,736
183,746
183,747
183,812
183,813
184,378
184,379
184,380
184,383
184,384
184,385
184,731
184,732
184,736
184,746
184,747
184,813
184,814
185,216
185,379
185,380
185,384
185,385
185,386
185,731
185,732
185,737
185,746
185,747
185,814
185,815
185,816
186,216
186,379
186,380
186,381
186,385
186,386
186,387
186,731
186,732
186,737
186,745
186,746
186,747
186,816
186,817
187,216
187,380
187,381
187,382
187,385
187,386
187,387
187,731
187,732
187,745
187,746
187,747
187,817
187,818
187,819
188,216
188,381
188,382
188,386
188,387
188,388
188,731
188,732
188,738
188,745
188,746
188,819
188,820
189,216
189,381
189,382
189,383
189,387
189,388
189,389
189,731
189,732
189,738
189,745
189,746
189,820
189,821
189,822
190,216
190,382
190,383
190,384
190,388
190,389
190,390
190,731
190,732
190,739
190,745
190,746
190,822
190,823
191,216
191,383
191,384
191,385
191,389
191,390
191,391
191,731
191,732
191,739
191,745
191,746
191,823
191,824
192,216
192,383
192,384
192,385
192,390
192,391
192,392
192,731
192,732
192,745
192,746
192,824
192,825
192,826
193,216
193,384
193,385
193,386
193,391
193,392
193,393
193,731
193,732
193,740
193,745
193,746
193,826
193,827
193,842
193,843
194,216
194,385
194,386
194,387
194,388
194,392
194,393
194,394
194,731
194,732
194,745
194,746
194,842
194,843
194,844
195,216
195,386
195,387
195,388
195,393
195,394
195,395
195,731
195,732
195,741
195,745
195,746
195,843
195,844
195,845
195,846
196,388
196,389
196,394
196,395
196,396
196,731
196,732
196,741
196,745
196,746
196,844
196,845
196,846
196,847
197,395
197,396
197,397
197,731
197,732
197,742
197,745
197,746
197,839
197,846
197,847
197,848
197,849
198,391
198,396
198,397
198,398
198,731
198,732
198,742
198,744
198,745
198,746
198,848
198,849
198,850
198,851
199,215
199,391
199,392
199,393
199,397
199,398
199,399
199,730
199,731
199,732
199,744
199,745
199,849
199,850
199,851
199,852
200,215
200,392
200,393
200,394
200,398
200,399
200,400
200,730
200,731
200,732
200,743
200,744
200,745
200,851
200,852
200,853
200,854
201,215
201,393
201,394
201,395
201,399
201,400
201,401
201,730
201,731
201,732
201,743
201,744
201,745
201,852
201,853
201,854
201,855
202,215
202,394
202,395
202,396
202,400
202,401
202,402
202,730
202,731
202,744
202,745
202,854
202,855
202,856
202,857
203,215
203,395
203,396
203,397
203,401
203,402
203,403
203,730
203,731
203,744
203,745
203,855
203,856
203,857
203,858
203,859
204,215
204,396
204,397
204,398
204,402
204,403
204,404
204,730
204,731
204,744
204,745
204,857
204,858
204,859
205,215
205,397
205,398
205,399
205,403
205,404
205,405
205,730
205,731
205,744
205,745
205,859
206,215
206,398
206,399
206,400
206,404
206,405
206,406
206,730
206,731
206,744
206,745
207,215
207,399
207,400
207,401
207,405
207,406
207,407
207,730
207,731
207,744
207,745
207,746
208,215
208,400
208,401
208,402
208,406
208,407
208,408
208,730
208,731
208,744
208,745
208,746
209,215
209,401
209,402
209,403
209,407
209,408
209,409
209,730
209,731
209,743
209,744
209,745
210,402
210,403
210,404
210,730
210,731
210,743
210,744
210,745
210,747
211,403
211,404
211,405
211,730
211,731
211,743
211,744
211,747
212,404
212,730
212,731
212,743
212,744
212,748
213,214
213,730
213,731
213,743
213,744
213,748
214,214
214,730
214,731
214,743
214,744
215,214
215,730
215,731
215,743
215,744
215,749
216,214
216,730
216,731
216,743
216,744
216,749
216,878
216,879
217,214
217,729
217,730
217,731
217,743
217,744
217,750
217,878
217,879
217,880
217,881
218,214
218,729
218,730
218,743
218,744
218,750
218,879
218,880
218,881
218,882
219,214
219,729
219,730
219,743
219,744
219,751
219,881
219,882
219,883
219,884
220,214
220,729
220,730
220,742
220,743
220,744
220,751
220,882
220,883
220,884
220,885
220,886
221,214
221,728
221,729
221,730
221,742
221,743
221,744
221,751
221,884
221,885
221,886
221,887
222,214
222,728
222,729
222,742
222,743
222,752
222,886
222,887
222,888
222,889
223,214
223,423
223,728
223,729
223,742
223,743
223,752
223,887
223,888
223,889
224,423
224,424
224,727
224,728
224,729
224,742
224,743
224,753
225,424
225,425
225,727
225,728
225,742
225,743
225,753
226,0
226,1
226,425
226,426
226,727
226,728
226,742
226,743
227,0
227,1
227,2
227,3
227,213
227,421
227,426
227,427
227,727
227,728
227,742
227,743
228,1
228,2
228,3
228,4
228,5
228,213
228,420
228,421
228,422
228,427
228,428
228,726
228,727
228,728
228,741
228,742
228,743
228,897
229,3
229,4
229,5
229,6
229,213
229,421
229,422
229,423
229,428
229,429
229,726
229,727
229,741
229,742
230,5
230,6
230,7
230,8
230,213
230,422
230,423
230,424
230,429
230,430
230,726
230,727
230,740
230,741
230,742
231,0
231,7
231,8
231,9
231,10
231,213
231,423
231,424
231,425
231,430
231,431
231,725
231,726
231,727
231,740
231,741
232,0
232,1
232,2
232,9
232,10
232,11
232,12
232,213
232,424
232,425
232,426
232,431
232,432
232,725
232,726
232,739
232,740
232,741
233,0
233,1
233,2
233,3
233,11
233,12
233,213
233,425
233,426
233,427
233,432
233,433
233,725
233,726
233,739
233,740
234,2
234,3
234,4
234,5
234,213
234,426
234,427
234,428
234,433
234,434
234,724
234,725
234,726
234,738
234,739
234,740
235,4
235,5
235,6
235,7
235,213
235,427
235,428
235,429
235,434
235,435
235,724
235,725
235,738
235,739
236,5
236,6
236,7
236,8
236,213
236,428
236,429
236,430
236,435
236,436
236,723
236,724
236,728
236,738
236,739
237,7
237,8
237,9
237,10
237,213
237,429
237,430
237,431
237,436
237,437
237,722
237,723
237,724
237,727
237,728
237,729
237,730
237,737
237,738
238,8
238,9
238,10
238,11
238,12
238,213
238,430
238,431
238,432
238,437
238,438
238,722
238,723
238,729
238,730
238,731
238,732
238,733
238,738
238,766
239,10
239,11
239,12
239,13
239,213
239,431
239,432
239,433
239,438
239,439
239,721
239,722
239,731
239,732
239,733
239,734
239,735
239,736
239,767
240,12
240,13
240,14
240,15
240,213
240,432
240,433
240,434
240,439
240,440
240,720
240,721
240,722
240,735
240,736
240,737
240,738
240,768
241,13
241,14
241,15
241,16
241,213
241,433
241,434
241,435
241,440
241,441
241,720
241,721
241,736
241,737
241,738
241,739
241,740
241,741
241,769
242,15
242,16
242,17
242,18
242,213
242,436
242,441
242,442
242,719
242,720
242,738
242,739
242,740
242,741
242,742
242,743
242,770
243,17
243,18
243,19
243,20
243,213
243,437
243,442
243,443
243,719
243,720
243,734
243,741
243,742
243,743
243,744
243,745
244,18
244,19
244,20
244,21
244,213
244,437
244,438
244,443
244,444
244,718
244,719
244,720
244,732
244,733
244,743
244,744
244,745
244,746
244,747
244,748
244,773
244,794
245,20
245,213
245,437
245,438
245,439
245,444
245,445
245,718
245,719
245,731
245,732
245,733
245,746
245,747
245,748
245,749
245,750
245,774
245,789
245,793
245,794
246,213
246,438
246,439
246,440
246,445
246,446
246,717
246,718
246,719
246,731
246,732
246,748
246,749
246,750
246,751
246,752
246,775
246,788
246,789
246,791
246,793
246,794
247,213
247,439
247,440
247,441
247,446
247,447
247,717
247,718
247,730
247,731
247,750
247,751
247,752
247,753
247,754
247,755
247,776
247,788
247,789
247,791
247,793
247,794
248,213
248,440
248,441
248,442
248,447
248,448
248,449
248,716
248,717
248,718
248,730
248,753
248,754
248,755
248,756
248,757
248,777
248,784
248,785
248,786
248,788
248,789
248,793
248,794
249,29
249,213
249,441
249,442
249,443
249,448
249,449
249,450
249,716
249,717
249,729
249,730
249,755
249,756
249,757
249,758
249,759
249,760
249,761
249,762
249,763
249,764
249,765
249,766
249,779
249,781
249,782
249,783
249,784
249,785
249,786
249,789
249,793
249,794
250,29
250,30
250,31
250,213
250,442
250,443
250,444
250,450
250,451
250,715
250,716
250,717
250,729
250,730
250,757
250,758
250,759
250,760
250,761
250,762
250,763
250,764
250,765
250,766
250,767
250,768
250,769
250,770
250,771
250,772
250,773
250,774
250,775
250,776
250,777
250,778
250,779
250,780
250,781
250,782
250,783
250,784
250,789
250,793
250,794
251,30
251,31
251,32
251,33
251,213
251,444
251,445
251,446
251,451
251,452
251,715
251,716
251,728
251,729
251,761
251,762
251,763
251,764
251,765
251,766
251,767
251,768
251,769
251,770
251,771
251,772
251,773
251,774
251,775
251,776
251,777
251,778
251,779
251,780
251,781
251,789
251,793
251,794
252,31
252,32
252,33
252,34
252,213
252,445
252,446
252,447
252,452
252,453
252,454
252,714
252,715
252,716
252,728
252,729
252,782
252,789
252,793
252,794
253,33
253,34
253,35
253,36
253,213
253,446
253,447
253,448
253,453
253,454
253,455
253,714
253,715
253,727
253,728
253,783
253,789
253,793
253,794
254,34
254,35
254,36
254,37
254,38
254,213
254,447
254,448
254,449
254,455
254,456
254,714
254,715
254,727
254,728
254,784
254,789
254,790
254,793
254,794
255,36
255,37
255,38
255,39
255,213
255,449
255,450
255,451
255,456
255,457
255,458
255,713
255,714
255,715
255,726
255,727
255,785
255,789
255,790
255,793
255,794
256,38
256,39
256,40
256,41
256,213
256,450
256,451
256,452
256,457
256,458
256,459
256,713
256,714
256,726
256,727
256,789
256,790
256,793
256,794
257,39
257,40
257,41
257,42
257,213
257,451
257,452
257,453
257,458
257,459
257,460
257,712
257,713
257,714
257,725
257,726
257,788
257,789
257,790
257,793
257,794
258,41
258,42
258,43
258,44
258,213
258,452
258,453
258,454
258,460
258,461
258,712
258,713
258,725
258,726
258,789
258,790
258,793
258,794
259,43
259,44
259,45
259,46
259,213
259,453
259,454
259,455
259,461
259,462
259,463
259,711
259,712
259,713
259,725
259,789
259,790
259,793
259,794
260,44
260,45
260,46
260,47
260,213
260,455
260,456
260,457
260,462
260,463
260,464
260,711
260,712
260,724
260,725
260,789
260,790
260,791
260,793
260,794
261,46
261,47
261,48
261,49
261,213
261,456
261,457
261,458
261,464
261,465
261,711
261,712
261,724
261,789
261,790
261,792
261,793
261,794
262,47
262,48
262,49
262,50
262,51
262,213
262,457
262,458
262,459
262,465
262,466
262,467
262,710
262,711
262,723
262,724
262,790
262,793
262,794
262,795
263,49
263,50
263,51
263,52
263,213
263,458
263,459
263,460
263,466
263,467
263,468
263,709
263,710
263,711
263,723
263,793
263,794
263,795
264,51
264,52
264,53
264,54
264,213
264,460
264,461
264,462
264,467
264,468
264,469
264,709
264,710
264,722
264,723
264,793
264,794
264,795
264,796
265,52
265,53
265,54
265,55
265,213
265,461
265,462
265,463
265,469
265,708
265,709
265,710
265,722
265,723
265,794
265,795
265,797
266,54
266,55
266,56
266,57
266,213
266,462
266,463
266,464
266,708
266,709
266,721
266,722
266,794
266,795
266,798
267,56
267,213
267,463
267,464
267,465
267,707
267,708
267,709
267,721
267,722
267,794
267,795
267,799
267,1025
267,1026
267,1027
267,1028
267,1029
267,1030
267,1031
268,213
268,464
268,465
268,466
268,467
268,707
268,708
268,720
268,721
268,794
268,795
268,800
268,1025
268,1026
268,1027
268,1028
268,1029
268,1030
268,1031
268,1032
268,1033
268,1034
268,1035
268,1036
268,1037
268,1038
268,1039
268,1040
268,1041
268,1042
269,213
269,466
269,467
269,706
269,707
269,708
269,720
269,721
269,794
269,795
269,1029
269,1030
269,1031
269,1032
269,1033
269,1034
269,1035
269,1036
269,1037
269,1038
269,1039
269,1040
269,1041
269,1042
269,1043
269,1044
269,1045
269,1046
269,1047
269,1048
269,1049
269,1050
269,1051
269,1052
269,1053
269,1085
269,1086
269,1087
269,1088
269,1089
269,1090
269,1091
269,1092
269,1093
269,1094
269,1095
269,1096
269,1097
269,1098
269,1099
269,1100
269,1101
269,1102
269,1103
269,1104
269,1105
269,1106
269,1107
269,1108
269,1109
269,1110
269,1111
269,1112
269,1113
269,1114
269,1115
269,1116
269,1117
269,1118
269,1119
269,1120
269,1121
269,1122
269,1123
269,1124
269,1125
269,1126
270,213
270,705
270,706
270,707
270,719
270,720
270,794
270,795
270,803
270,1040
270,1041
270,1042
270,1043
270,1044
270,1045
270,1046
270,1047
270,1048
270,1049
270,1050
270,1051
270,1052
270,1053
270,1054
270,1055
270,1056
270,1057
270,1058
270,1059
270,1060
270,1061
270,1062
270,1063
270,1079
270,1080
270,1081
270,1082
270,1083
270,1084
270,1085
270,1086
270,1087
270,1088
270,1089
270,1090
270,1091
270,1092
270,1093
270,1094
270,1095
270,1096
270,1097
270,1098
270,1099
270,1100
270,1101
270,1102
270,1103
270,1104
270,1105
270,1106
270,1107
270,1108
270,1109
270,1110
270,1111
270,1112
270,1113
270,1114
270,1115
270,1116
270,1117
270,1118
270,1119
270,1120
270,1121
270,1122
270,1123
270,1124
270,1125
270,1126
270,1127
270,1128
270,1129
270,1130
271,213
271,705
271,706
271,719
271,720
271,794
271,795
271,804
271,1050
271,1051
271,1052
271,1053
271,1054
271,1055
271,1056
271,1057
271,1058
271,1059
271,1060
271,1061
271,1062
271,1063
271,1064
271,1078
271,1079
271,1080
271,1081
271,1082
271,1083
271,1084
271,1085
271,1086
271,1087
271,1088
271,1089
271,1090
271,1091
271,1092
271,1093
271,1094
271,1095
271,1096
271,1097
271,1126
271,1127
271,1128
271,1129
271,1130
271,1131
271,1132
271,1133
272,67
272,213
272,704
272,705
272,706
272,718
272,719
272,794
272,795
272,805
272,1130
272,1131
272,1132
272,1133
272,1134
272,1135
272,1136
273,67
273,68
273,213
273,704
273,705
273,718
273,719
273,794
273,795
273,806
273,1133
273,1134
273,1135
273,1136
273,1137
273,1138
274,68
274,69
274,70
274,213
274,703
274,704
274,705
274,718
274,790
274,794
274,795
274,807
274,1125
274,1126
274,1127
274,1137
274,1138
274,1139
275,68
275,69
275,70
275,71
275,213
275,703
275,704
275,717
275,718
275,790
275,794
275,795
275,807
275,1124
275,1125
275,1126
275,1127
275,1128
275,1129
275,1130
275,1131
275,1132
275,1138
275,1139
275,1140
275,1141
276,70
276,71
276,72
276,213
276,702
276,703
276,704
276,717
276,790
276,794
276,795
276,807
276,1125
276,1126
276,1127
276,1128
276,1129
276,1130
276,1131
276,1132
276,1133
276,1134
276,1140
276,1141
276,1142
277,72
277,701
277,702
277,703
277,716
277,717
277,790
277,794
277,795
277,807
277,1132
277,1133
277,1134
277,1135
277,1141
277,1142
277,1143
278,73
278,701
278,702
278,716
278,790
278,794
278,795
278,807
278,1134
278,1135
278,1136
278,1137
278,1142
279,700
279,701
279,702
279,715
279,716
279,790
279,791
279,794
279,795
279,807
279,1135
279,1136
279,1137
279,1138
279,1139
280,700
280,701
280,715
280,790
280,791
280,794
280,795
280,807
280,1137
280,1138
280,1139
280,1140
281,699
281,700
281,701
281,714
281,715
281,790
281,791
281,794
281,795
281,807
281,1139
281,1140
282,82
282,83
282,699
282,700
282,714
282,715
282,790
282,791
282,794
282,795
282,807
282,1139
282,1140
282,1141
283,82
283,83
283,84
283,85
283,698
283,699
283,700
283,713
283,714
283,790
283,791
283,794
283,795
283,807
283,1140
283,1141
284,83
284,84
284,85
284,86
284,697
284,698
284,699
284,712
284,713
284,790
284,791
284,794
284,795
284,807
284,1141
285,85
285,86
285,87
285,88
285,697
285,698
285,712
285,713
285,790
285,791
285,794
285,795
285,807
286,86
286,87
286,88
286,89
286,696
286,697
286,698
286,711
286,712
286,790
286,791
286,794
286,795
286,807
287,88
287,89
287,90
287,91
287,696
287,697
287,710
287,711
287,790
287,791
287,794
287,795
287,796
287,807
288,90
288,91
288,92
288,695
288,696
288,710
288,711
288,790
288,791
288,794
288,795
288,796
288,807
289,695
289,709
289,710
289,790
289,791
289,794
289,795
289,796
289,807
290,213
290,562
290,577
290,600
290,708
290,709
290,790
290,791
290,795
290,796
290,807
291,213
291,535
291,536
291,537
291,542
291,543
291,544
291,545
291,549
291,550
291,551
291,552
291,553
291,554
291,555
291,556
291,557
291,558
291,559
291,560
291,562
291,563
291,568
291,569
291,570
291,571
291,572
291,573
291,574
291,575
291,576
291,577
291,578
291,579
291,580
291,581
291,582
291,586
291,587
291,588
291,591
291,592
291,593
291,596
291,597
291,598
291,600
291,601
291,602
291,603
291,604
291,605
291,606
291,607
291,608
291,609
291,610
291,611
291,612
291,613
291,614
291,615
291,616
291,617
291,618
291,619
291,620
291,621
291,622
291,623
291,624
291,625
291,626
291,708
291,790
291,791
291,795
291,796
291,807
292,213
292,558
292,562
292,577
292,582
292,590
292,594
292,600
292,614
292,707
292,708
292,790
292,791
292,795
292,796
292,807
293,213
293,538
293,546
293,558
293,562
293,569
293,570
293,571
293,572
293,577
293,583
293,589
293,590
293,593
293,595
293,600
293,607
293,608
293,609
293,614
293,619
293,620
293,623
293,624
293,706
293,707
293,790
293,791
293,795
293,796
293,807
294,539
294,540
294,541
294,546
294,554
294,555
294,556
294,558
294,562
294,569
294,570
294,573
294,577
294,583
294,584
294,585
294,586
294,592
294,600
294,603
294,607
294,610
294,621
294,705
294,706
294,790
294,791
294,795
294,796
294,807
295,546
295,553
295,557
295,558
295,562
295,577
295,583
295,586
295,600
295,603
295,607
295,611
295,705
295,706
295,795
295,796
295,807
295,1157
296,538
296,545
296,546
296,547
296,548
296,553
296,554
296,558
296,562
296,573
296,577
296,580
296,582
296,600
296,603
296,611
296,620
296,704
296,705
296,794
296,795
296,796
296,807
296,1157
296,1158
297,545
297,546
297,549
297,558
297,562
297,571
297,572
297,577
297,600
297,604
297,611
297,619
297,620
297,703
297,704
297,794
297,795
297,796
297,807
297,1157
297,1158
297,1159
298,549
298,558
298,562
298,571
298,572
298,577
298,600
298,605
298,610
298,703
298,704
298,794
298,795
298,807
298,1158
298,1159
298,1160
299,558
299,562
299,573
299,577
299,600
299,606
299,607
299,608
299,609
299,702
299,703
299,794
299,795
299,807
299,1155
299,1159
299,1160
300,701
300,702
300,794
300,795
300,807
300,1156
300,1159
300,1160
300,1161
301,539
301,541
301,542
301,700
301,701
301,702
301,790
301,794
301,795
301,807
301,1156
301,1160
301,1161
301,1162
302,539
302,541
302,543
302,682
302,699
302,700
302,701
302,789
302,790
302,794
302,795
302,807
302,1157
302,1161
302,1162
302,1163
303,682
303,683
303,698
303,699
303,789
303,790
303,794
303,795
303,807
303,1158
303,1162
303,1163
303,1164
304,682
304,683
304,697
304,698
304,789
304,790
304,794
304,795
304,807
304,1158
304,1159
304,1163
304,1164
305,696
305,697
305,789
305,790
305,793
305,794
305,795
305,1159
305,1164
305,1165
306,214
306,694
306,695
306,696
306,789
306,790
306,793
306,794
306,795
307,693
307,694
307,695
307,789
307,790
307,793
307,794
308,692
308,693
308,694
308,789
308,790
308,793
308,794
309,691
309,692
309,793
309,794
310,689
310,690
310,691
310,793
310,794
311,688
311,689
311,690
311,793
311,794
312,686
312,687
312,688
312,1166
313,685
313,686
313,687
313,1166
314,683
314,684
314,685
314,1166
314,1175
314,1176
315,681
315,682
315,683
315,684
315,1175
315,1176
315,1177
316,680
316,681
316,682
316,1171
316,1176
316,1177
316,1178
317,215
317,653
317,678
317,679
317,680
317,1170
317,1171
317,1172
317,1177
317,1178
317,1179
318,215
318,651
318,652
318,653
318,677
318,678
318,679
318,1171
318,1172
318,1173
318,1178
318,1179
318,1180
319,649
319,650
319,651
319,652
319,653
319,675
319,676
319,677
319,1172
319,1173
319,1174
319,1179
319,1180
319,1181
319,1182
320,647
320,648
320,649
320,650
320,651
320,673
320,674
320,675
320,792
320,1173
320,1174
320,1175
320,1176
320,1180
320,1181
320,1182
320,1183
321,216
321,648
321,649
321,671
321,672
321,673
321,674
321,792
321,1174
321,1175
321,1176
321,1177
321,1182
321,1183
321,1184
322,216
322,646
322,669
322,670
322,671
322,792
322,1176
322,1177
322,1178
322,1183
322,1184
322,1185
323,216
323,645
323,646
323,666
323,667
323,668
323,669
323,788
323,792
323,793
323,806
323,1177
323,1178
323,1179
323,1184
323,1185
323,1186
324,216
324,644
324,645
324,664
324,665
324,666
324,667
324,806
324,1178
324,1179
324,1180
324,1185
324,1186
324,1187
324,1188
325,216
325,644
325,645
325,662
325,663
325,664
325,665
325,806
325,1179
325,1180
325,1181
325,1182
325,1186
325,1187
325,1188
325,1189
326,216
326,642
326,643
326,644
326,659
326,660
326,661
326,662
326,806
326,1180
326,1181
326,1182
326,1183
326,1188
326,1189
326,1190
327,641
327,642
327,643
327,644
327,657
327,658
327,659
327,660
327,806
327,1182
327,1183
327,1184
327,1189
327,1190
327,1191
328,640
328,641
328,642
328,643
328,655
328,656
328,657
328,658
328,806
328,1183
328,1184
328,1185
328,1190
328,1191
328,1192
329,217
329,639
329,640
329,641
329,646
329,647
329,648
329,653
329,654
329,655
329,656
329,806
329,1184
329,1185
329,1186
329,1187
329,1191
330,217
330,638
330,639
330,640
330,645
330,646
330,647
330,648
330,649
330,650
330,653
330,806
330,1185
330,1186
330,1187
330,1188
331,217
331,637
331,638
331,639
331,644
331,645
331,806
331,1187
331,1188
331,1189
332,217
332,636
332,637
332,638
332,643
332,644
332,806
332,1188
332,1189
332,1190
333,178
333,179
333,217
333,635
333,636
333,637
333,642
333,643
333,806
333,1189
333,1190
333,1191
333,1196
334,178
334,179
334,180
334,633
334,634
334,635
334,636
334,641
334,642
334,806
334,1190
334,1191
334,1192
334,1193
334,1197
335,179
335,180
335,181
335,182
335,632
335,633
335,634
335,635
335,640
335,641
335,806
335,1191
335,1192
335,1193
335,1194
335,1198
335,1199
336,180
336,181
336,182
336,183
336,184
336,218
336,631
336,632
336,633
336,634
336,639
336,640
336,1193
336,1194
336,1195
336,1200
337,182
337,183
337,184
337,185
337,218
337,630
337,631
337,632
337,633
337,637
337,638
337,639
337,1194
337,1195
337,1196
337,1201
337,1202
338,184
338,185
338,186
338,187
338,218
338,629
338,630
338,631
338,636
338,637
338,638
338,786
338,1195
338,1196
338,1202
338,1203
339,186
339,187
339,188
339,189
339,218
339,550
339,551
339,552
339,628
339,629
339,630
339,635
339,636
339,637
339,786
339,790
339,791
339,806
339,1203
339,1204
339,1205
340,187
340,188
340,189
340,190
340,191
340,218
340,551
340,552
340,553
340,627
340,628
340,629
340,634
340,635
340,636
340,785
340,786
340,790
340,791
340,806
340,1204
340,1205
340,1206
341,189
341,190
341,191
341,192
341,218
341,552
341,553
341,554
341,555
341,627
341,628
341,633
341,634
341,790
341,791
341,806
341,1206
341,1207
341,1208
342,191
342,192
342,193
342,194
342,554
342,555
342,556
342,557
342,626
342,627
342,628
342,632
342,633
342,789
342,790
342,791
342,806
342,1207
342,1208
342,1209
343,193
343,194
343,195
343,196
343,555
343,556
343,557
343,558
343,626
343,627
343,631
343,632
343,789
343,790
343,806
343,1208
343,1209
343,1210
344,194
344,195
344,196
344,197
344,198
344,219
344,557
344,625
344,626
344,627
344,631
344,789
344,790
344,806
344,1209
344,1210
344,1211
344,1212
345,196
345,197
345,198
345,199
345,219
345,625
345,626
345,630
345,631
345,789
345,790
345,806
345,1210
345,1211
345,1212
345,1213
346,198
346,199
346,200
346,201
346,219
346,625
346,626
346,630
346,631
346,789
346,790
346,806
346,1212
346,1213
346,1214
347,199
347,200
347,201
347,202
347,203
347,220
347,624
347,625
347,626
347,629
347,630
347,789
347,790
347,806
347,1213
347,1214
347,1215
348,201
348,202
348,203
348,204
348,222
348,624
348,625
348,629
348,630
348,784
348,785
348,789
348,790
348,806
348,1214
348,1215
348,1216
348,1217
349,203
349,204
349,205
349,206
349,223
349,625
349,629
349,784
349,785
349,789
349,790
349,806
349,1215
349,1216
349,1217
349,1218
349,1219
350,205
350,206
350,207
350,208
350,224
350,628
350,629
350,784
350,785
350,789
350,790
350,1217
350,1218
350,1219
350,1220
351,206
351,207
351,208
351,209
351,210
351,226
351,628
351,784
351,785
351,788
351,789
351,790
351,1219
351,1220
351,1221
352,208
352,209
352,210
352,211
352,227
352,627
352,628
352,784
352,785
352,788
352,789
352,1220
352,1221
352,1222
352,1223
353,210
353,211
353,212
353,213
353,229
353,538
353,627
353,628
353,784
353,785
353,788
353,789
353,1222
353,1223
353,1224
354,211
354,212
354,213
354,214
354,215
354,230
354,537
354,627
354,784
354,785
354,788
354,789
354,1224
354,1225
354,1226
355,213
355,214
355,215
355,216
355,231
355,627
355,784
355,785
355,788
355,789
355,1225
355,1226
356,215
356,216
356,217
356,218
356,233
356,783
356,784
356,785
356,788
356,789
357,217
357,218
357,219
357,220
357,234
357,585
357,783
357,784
357,788
357,789
357,805
357,806
358,218
358,219
358,220
358,221
358,222
358,235
358,584
358,585
358,586
358,587
358,783
358,784
358,788
358,789
359,220
359,221
359,222
359,223
359,237
359,585
359,586
359,587
359,588
359,589
359,783
359,784
359,788
359,789
359,805
360,222
360,223
360,224
360,225
360,238
360,587
360,588
360,589
360,590
360,591
360,783
360,784
360,787
360,788
360,789
360,805
361,223
361,224
361,225
361,226
361,227
361,239
361,589
361,590
361,591
361,592
361,593
361,783
361,784
361,787
361,788
361,805
362,225
362,226
362,227
362,228
362,229
362,241
362,591
362,592
362,593
362,594
362,595
362,783
362,784
362,787
362,788
362,805
363,227
363,228
363,229
363,230
363,242
363,593
363,594
363,595
363,596
363,597
363,784
363,787
363,788
363,805
364,229
364,230
364,231
364,232
364,243
364,244
364,595
364,596
364,597
364,598
364,599
364,787
364,788
364,805
365,230
365,231
365,232
365,233
365,234
365,245
365,597
365,598
365,599
365,600
365,601
365,623
365,787
365,788
365,805
366,232
366,233
366,234
366,235
366,246
366,599
366,600
366,601
366,602
366,603
366,622
366,787
366,788
366,805
367,234
367,235
367,236
367,237
367,247
367,248
367,601
367,602
367,603
367,604
367,605
367,606
367,805
368,235
368,236
368,237
368,238
368,239
368,249
368,524
368,603
368,604
368,605
368,606
368,607
368,608
368,609
368,620
368,621
368,622
368,805
369,237
369,238
369,239
369,240
369,241
369,250
369,523
369,524
369,606
369,607
369,608
369,609
369,610
369,611
369,612
369,620
369,621
369,622
369,623
369,624
369,805
370,239
370,240
370,241
370,242
370,251
370,252
370,522
370,523
370,524
370,609
370,610
370,611
370,612
370,613
370,622
370,623
370,624
370,805
371,241
371,242
371,243
371,244
371,253
371,521
371,522
371,523
371,612
371,613
371,623
371,624
371,805
372,242
372,243
372,244
372,245
372,246
372,254
372,520
372,521
372,522
372,623
372,624
372,805
373,244
373,245
373,246
373,247
373,255
373,256
373,518
373,519
373,520
373,521
373,623
373,624
373,805
374,246
374,247
374,248
374,249
374,257
374,516
374,517
374,518
374,519
374,622
374,623
374,624
374,805
375,247
375,248
375,249
375,250
375,251
375,258
375,259
375,515
375,516
375,517
375,518
375,622
375,623
375,805
376,249
376,250
376,251
376,252
376,260
376,513
376,514
376,515
376,516
376,622
376,623
376,805
377,251
377,252
377,253
377,254
377,261
377,512
377,513
377,514
377,515
377,786
377,787
377,805
378,253
378,254
378,255
378,256
378,262
378,510
378,511
378,512
378,513
378,618
378,619
378,785
378,786
378,787
378,805
379,254
379,255
379,256
379,257
379,258
379,264
379,509
379,510
379,511
379,512
379,618
379,619
379,785
379,786
379,805
380,256
380,257
380,258
380,259
380,265
380,507
380,508
380,509
380,510
380,618
380,619
380,785
380,786
380,805
381,258
381,259
381,260
381,261
381,266
381,267
381,505
381,506
381,507
381,508
381,618
381,619
381,785
381,786
381,805
382,259
382,260
382,261
382,262
382,263
382,268
382,504
382,505
382,506
382,507
382,618
382,619
382,785
382,786
383,261
383,262
383,263
383,264
383,269
383,502
383,503
383,504
383,505
383,618
383,619
384,263
384,264
384,265
384,266
384,271
384,502
384,503
384,504
384,618
384,619
385,265
385,266
385,267
385,268
385,272
385,502
385,618
385,619
386,266
386,267
386,268
386,269
386,270
386,273
386,617
386,618
386,619
387,268
387,269
387,270
387,271
387,275
387,617
387,618
387,619
388,270
388,271
388,272
388,273
388,276
388,617
388,618
389,272
389,273
389,274
389,275
389,277
389,617
389,618
390,273
390,274
390,275
390,276
390,277
390,279
390,617
390,618
391,275
391,276
391,277
391,278
391,280
391,617
391,618
392,277
392,278
392,279
392,280
392,281
392,282
392,617
392,618
392,784
393,278
393,279
393,280
393,281
393,282
393,283
393,617
393,618
393,784
394,280
394,281
394,282
394,283
394,284
394,617
394,618
394,784
394,785
395,282
395,283
395,284
395,285
395,286
395,616
395,617
395,618
395,784
395,785
396,284
396,285
396,286
396,287
396,616
396,617
396,783
396,784
396,785
397,285
397,286
397,287
397,288
397,289
397,616
397,617
397,783
397,784
397,785
398,287
398,288
398,289
398,290
398,616
398,617
398,783
398,784
399,289
399,290
399,291
399,292
399,616
399,617
399,783
399,784
400,290
400,291
400,292
400,293
400,294
400,615
400,616
400,617
400,783
400,784
400,804
400,805
401,292
401,293
401,294
401,295
401,615
401,616
401,778
401,779
401,780
401,783
401,784
402,294
402,295
402,296
402,297
402,615
402,616
402,778
402,779
402,780
402,783
402,784
403,296
403,297
403,298
403,299
403,615
403,616
403,778
403,779
403,783
403,784
404,297
404,298
404,299
404,300
404,301
404,615
404,616
404,778
404,779
404,783
404,784
404,804
405,299
405,300
405,301
405,302
405,614
405,615
405,616
405,778
405,779
405,782
405,783
405,784
405,804
406,300
406,301
406,302
406,303
406,614
406,615
406,778
406,779
406,782
406,783
406,784
406,804
407,302
407,303
407,304
407,614
407,615
407,778
407,779
407,782
407,783
407,804
408,303
408,304
408,305
408,306
408,614
408,615
408,778
408,779
408,782
408,783
408,804
409,305
409,306
409,614
409,615
409,778
409,779
409,782
409,783
409,804
410,613
410,614
410,778
410,779
410,782
410,783
410,804
411,613
411,614
411,777
411,778
411,779
411,782
411,783
411,804
412,314
412,613
412,614
412,777
412,778
412,782
412,783
412,804
413,315
413,316
413,613
413,614
413,777
413,778
413,782
413,783
413,804
414,315
414,316
414,317
414,318
414,612
414,613
414,614
414,777
414,778
414,781
414,782
414,783
414,804
415,317
415,318
415,319
415,612
415,613
415,777
415,778
415,781
415,782
415,804
416,612
416,613
416,777
416,778
416,781
416,782
416,804
417,612
417,613
417,777
417,778
417,781
417,782
417,804
418,612
418,613
418,777
418,778
418,781
418,782
418,804
419,611
419,612
419,613
419,777
419,778
419,781
419,782
419,804
420,327
420,328
420,611
420,612
420,777
420,778
420,781
420,782
420,804
421,327
421,328
421,329
421,611
421,612
421,777
421,778
421,781
421,782
421,804
422,328
422,329
422,330
422,611
422,612
422,777
422,778
422,781
422,782
422,804
423,330
423,611
423,612
423,776
423,777
423,778
423,781
423,782
423,804
424,610
424,611
424,612
424,776
424,777
424,778
424,781
424,782
424,804
425,327
425,336
425,610
425,611
425,776
425,777
425,778
425,781
425,782
425,804
426,327
426,328
426,335
426,336
426,337
426,610
426,611
426,776
426,777
426,781
426,782
426,804
427,328
427,329
427,330
427,337
427,338
427,339
427,340
427,610
427,611
427,776
427,777
427,781
427,782
427,804
428,330
428,331
428,332
428,339
428,340
428,341
428,342
428,610
428,611
428,776
428,777
428,781
428,782
428,804
429,331
429,332
429,333
429,340
429,341
429,342
429,343
429,344
429,609
429,610
429,611
429,776
429,777
429,781
429,782
429,804
430,332
430,333
430,334
430,335
430,342
430,343
430,344
430,345
430,609
430,610
430,776
430,777
430,781
430,782
430,804
431,334
431,335
431,336
431,337
431,344
431,345
431,346
431,347
431,609
431,610
431,777
431,781
431,804
432,335
432,336
432,337
432,338
432,346
432,347
432,348
432,349
432,609
432,610
432,776
432,777
432,781
432,804
433,337
433,338
433,339
433,340
433,347
433,348
433,349
433,350
433,351
433,608
433,609
433,610
433,776
433,777
433,781
433,804
434,338
434,339
434,340
434,341
434,342
434,349
434,350
434,351
434,352
434,608
434,609
434,776
434,777
434,781
434,804
435,340
435,342
435,343
435,344
435,351
435,352
435,353
435,354
435,608
435,609
435,776
435,777
435,781
435,804
436,341
436,342
436,343
436,344
436,345
436,346
436,352
436,353
436,354
436,355
436,356
436,457
436,608
436,609
436,776
436,777
436,781
436,804
437,343
437,344
437,345
437,346
437,347
437,348
437,354
437,355
437,356
437,357
437,608
437,609
437,776
437,777
437,781
437,804
438,344
438,346
438,347
438,348
438,349
438,356
438,357
438,358
438,359
438,607
438,608
438,609
438,776
438,777
438,781
439,345
439,348
439,349
439,350
439,351
439,358
439,359
439,360
439,361
439,607
439,608
439,776
439,777
439,781
440,347
440,349
440,350
440,351
440,352
440,353
440,359
440,360
440,361
440,362
440,363
440,454
440,607
440,608
440,776
440,777
440,781
441,348
441,351
441,352
441,353
441,354
441,361
441,362
441,363
441,364
441,451
441,452
441,453
441,607
441,608
441,776
441,777
441,781
442,349
442,353
442,354
442,355
442,356
442,363
442,364
442,365
442,366
442,450
442,451
442,452
442,607
442,608
442,776
442,777
442,781
443,351
443,355
443,356
443,357
443,358
443,365
443,366
443,367
443,368
443,450
443,451
443,608
443,776
443,777
443,781
444,352
444,356
444,357
444,358
444,359
444,360
444,366
444,367
444,368
444,369
444,370
444,449
444,450
444,451
444,776
444,777
444,781
445,353
445,354
445,358
445,359
445,360
445,361
445,368
445,369
445,370
445,371
445,449
445,450
445,776
445,777
445,781
446,355
446,360
446,361
446,362
446,363
446,370
446,371
446,372
446,373
446,607
446,776
446,777
446,781
447,356
447,361
447,362
447,363
447,364
447,365
447,371
447,372
447,373
447,374
447,375
447,607
447,776
447,777
447,781
447,803
448,358
448,363
448,364
448,365
448,366
448,373
448,374
448,375
448,376
448,607
448,776
448,777
448,781
448,803
449,359
449,365
449,366
449,367
449,368
449,375
449,376
449,377
449,378
449,776
449,777
449,781
449,803
450,360
450,367
450,368
450,369
450,370
450,377
450,378
450,379
450,380
450,606
450,776
450,777
450,780
450,781
450,803
451,362
451,368
451,369
451,370
451,371
451,372
451,378
451,379
451,380
451,381
451,382
451,606
452,363
452,370
452,371
452,372
452,373
452,380
452,381
452,382
452,383
452,606
453,364
453,372
453,373
453,374
453,375
453,382
453,383
453,384
453,385
454,366
454,373
454,374
454,375
454,376
454,377
454,383
454,384
454,385
454,386
454,605
455,367
455,375
455,376
455,377
455,378
455,385
455,386
455,605
456,368
456,377
456,378
456,379
456,380
456,604
456,605
457,370
457,379
457,380
457,381
457,382
458,371
458,380
458,381
458,382
458,383
459,373
459,382
459,383
459,776
460,374
460,776
461,375
461,776
461,803
462,377
462,776
462,803
463,378
463,776
463,780
463,803
464,379
464,776
464,780
464,781
464,803
465,381
465,602
465,776
465,780
465,781
465,803
466,382
466,602
466,603
466,776
466,780
466,781
467,383
467,601
467,602
467,603
467,802
468,385
468,601
468,602
468,802
469,386
469,802
470,387
470,388
470,431
470,432
470,802
471,389
471,430
471,431
471,432
472,390
472,430
472,431
472,780
472,801
473,392
473,429
473,430
473,431
473,801
474,393
474,428
474,429
474,430
474,801
475,394
475,427
475,428
475,429
475,801
476,396
476,427
476,428
477,397
477,780
478,398
478,780
478,800
479,400
479,780
479,800
480,401
480,780
480,800
481,402
481,780
481,800
482,404
482,780
483,405
483,799
484,406
484,407
484,598
484,599
484,799
485,408
485,429
485,598
485,599
485,799
486,409
486,429
486,430
486,431
486,597
486,598
486,599
486,799
487,411
487,430
487,431
487,432
487,433
487,597
487,598
488,412
488,432
488,433
488,434
488,597
488,598
488,798
489,413
489,433
489,434
489,597
489,598
489,798
490,415
490,435
490,597
490,598
490,798
491,416
491,596
491,597
491,798
492,417
492,596
492,597
493,419
493,596
493,597
494,420
494,596
494,597
494,797
495,421
495,595
495,596
495,597
495,797
496,423
496,595
496,596
496,797
497,424
497,595
497,596
497,797
498,425
498,595
498,596
499,427
499,594
499,595
499,596
499,796
500,428
500,594
500,595
500,796
501,429
501,594
501,595
501,796
502,430
502,431
502,594
502,595
502,796
503,432
503,593
503,594
503,595
504,433
504,593
504,594
504,795
505,434
505,593
505,594
505,795
506,436
506,593
506,594
506,795
507,437
507,467
507,592
507,593
507,594
507,795
508,438
508,466
508,467
508,592
508,593
509,440
509,592
509,593
510,441
510,592
510,593
510,794
511,442
511,591
511,592
511,593
511,794
512,444
512,591
512,592
512,794
513,445
513,591
513,592
513,775
513,779
513,794
514,446
514,591
514,592
514,775
514,779
514,794
515,447
515,448
515,480
515,481
515,590
515,591
515,592
515,775
515,779
515,793
516,449
516,480
516,481
516,482
516,483
516,590
516,591
516,775
516,779
516,793
517,450
517,481
517,482
517,483
517,484
517,485
517,590
517,591
517,775
517,779
517,793
518,451
518,483
518,484
518,485
518,486
518,590
518,591
518,775
518,779
518,793
519,453
519,485
519,486
519,487
519,488
519,589
519,590
519,591
519,775
519,779
519,793
520,454
520,486
520,487
520,488
520,489
520,490
520,589
520,590
520,775
520,779
520,792
521,455
521,488
521,489
521,490
521,491
521,589
521,590
521,774
521,775
521,779
521,792
522,457
522,490
522,491
522,492
522,493
522,589
522,590
522,779
522,792
523,458
523,491
523,492
523,493
523,494
523,495
523,588
523,589
523,590
523,779
523,792
524,459
524,493
524,494
524,495
524,496
524,588
524,589
524,779
524,792
525,461
525,495
525,496
525,497
525,498
525,588
525,589
525,779
525,791
525,792
526,462
526,497
526,498
526,499
526,500
526,779
526,791
527,463
527,498
527,499
527,500
527,501
527,502
527,695
527,779
527,791
528,464
528,500
528,501
528,502
528,503
528,695
528,779
528,791
529,466
529,502
529,503
529,504
529,505
529,588
529,778
529,779
529,791
530,467
530,503
530,504
530,505
530,506
530,507
530,588
530,778
530,779
531,468
531,505
531,506
531,507
531,508
531,588
531,778
531,779
531,790
532,470
532,507
532,508
532,509
532,510
532,774
532,775
532,790
533,471
533,508
533,509
533,510
533,511
533,512
533,693
533,774
533,775
533,790
534,472
534,510
534,511
534,512
534,513
534,693
534,790
535,474
535,512
535,513
535,514
535,515
536,475
536,514
536,515
536,516
536,517
537,476
537,516
537,517
537,518
537,519
537,585
537,586
538,478
538,518
538,519
538,520
538,585
538,586
539,479
539,519
539,520
539,521
539,522
539,584
539,585
539,586
540,480
540,521
540,522
540,523
540,524
540,584
540,585
540,691
541,481
541,523
541,524
541,525
541,584
541,585
542,483
542,524
542,525
542,526
542,527
542,584
542,585
543,484
543,526
543,527
543,528
543,529
543,583
543,584
543,585
544,485
544,528
544,529
544,530
544,531
544,583
544,584
545,487
545,530
545,531
545,532
545,583
545,584
546,488
546,531
546,532
546,533
546,534
546,583
546,584
546,689
547,489
547,533
547,534
547,535
547,536
547,582
547,583
547,584
547,689
548,491
548,535
548,536
548,537
548,582
548,583
549,492
549,536
549,537
549,538
549,539
549,582
549,583
550,493
550,538
550,539
550,540
550,541
550,582
550,583
550,688
551,495
551,540
551,541
551,542
551,581
551,582
551,583
552,496
552,541
552,542
552,543
552,544
552,581
552,582
552,687
553,497
553,543
553,544
553,545
553,546
553,581
553,582
553,773
553,774
554,498
554,545
554,546
554,547
554,548
554,581
554,582
555,500
555,547
555,548
555,549
555,580
555,581
555,582
556,501
556,548
556,549
556,550
556,551
556,580
556,581
556,686
557,550
557,551
557,552
557,553
557,580
557,581
558,552
558,553
558,554
558,580
558,581
558,685
558,778
559,553
559,554
559,555
559,556
559,579
559,580
559,581
560,555
560,556
560,557
560,579
560,580
561,557
561,558
561,579
561,580
561,778
561,781
562,559
562,579
562,580
562,684
562,778
563,560
563,578
563,579
563,580
563,778
563,780
564,578
564,579
564,683
564,778
564,780
565,578
565,579
565,778
565,779
566,568
566,578
566,579
566,778
566,779
567,568
567,569
567,570
567,577
567,578
567,579
567,778
567,779
568,517
568,568
568,569
568,570
568,571
568,577
568,578
568,579
568,580
568,682
568,777
568,778
568,779
569,518
569,570
569,571
569,572
569,573
569,578
569,579
569,580
569,581
569,777
569,778
570,519
570,572
570,573
570,574
570,575
570,580
570,581
570,778
571,521
571,573
571,574
571,575
571,576
571,582
571,777
571,778
572,522
572,575
572,576
572,577
572,578
572,583
572,584
572,773
572,777
573,523
573,577
573,578
573,579
573,585
573,586
573,587
573,773
573,774
573,777
574,525
574,578
574,579
574,580
574,581
574,587
574,588
574,773
574,774
574,777
575,526
575,580
575,581
575,582
575,773
575,774
575,776
576,527
576,581
576,582
576,583
576,773
576,774
576,776
577,529
577,583
577,773
577,774
577,775
578,530
578,584
578,773
578,774
578,775
579,531
579,772
579,773
579,774
579,775
580,532
580,772
580,773
580,774
581,534
581,772
581,773
581,774
582,535
582,772
582,773
582,774
583,536
583,773
583,774
584,538
584,603
584,773
585,539
585,597
585,603
585,604
585,605
585,772
585,773
586,540
586,596
586,597
586,598
586,604
586,605
586,606
586,772
586,773
587,542
587,598
587,599
587,600
587,605
587,606
587,607
587,608
587,772
587,773
588,543
588,599
588,600
588,601
588,606
588,607
588,608
588,609
588,772
588,773
589,544
589,602
589,603
589,608
589,609
589,610
589,771
589,773
590,545
590,771
590,773
591,547
591,770
591,772
591,773
592,548
592,770
592,772
592,773
593,549
593,608
593,770
593,772
593,773
594,551
594,608
594,609
594,772
594,773
595,552
595,769
595,772
595,773
596,553
596,769
596,772
596,773
597,555
597,768
597,772
597,773
598,556
598,768
598,772
598,773
599,557
599,616
599,617
599,618
599,624
599,625
599,768
599,772
599,773
600,559
600,616
600,617
600,618
600,619
600,624
600,625
600,626
600,627
600,772
600,773
601,560
601,618
601,619
601,620
601,621
601,625
601,626
601,627
601,628
601,767
601,772
601,773
602,561
602,619
602,620
602,621
602,622
602,627
602,628
602,629
602,767
602,772
602,773
603,562
603,621
603,622
603,623
603,628
603,629
603,630
603,631
603,767
603,772
603,773
604,564
604,622
604,623
604,624
604,625
604,630
604,631
604,632
604,772
604,773
605,565
605,624
605,625
605,626
605,631
605,632
605,633
605,634
605,766
605,772
605,773
606,566
606,625
606,626
606,627
606,628
606,633
606,634
606,635
606,766
606,772
606,773
607,568
607,627
607,628
607,629
607,634
607,635
607,636
607,637
607,766
607,772
607,773
608,569
608,628
608,629
608,630
608,631
608,636
608,637
608,638
608,772
608,773
609,570
609,630
609,631
609,632
609,637
609,638
609,639
609,640
609,765
609,772
609,773
610,572
610,631
610,632
610,633
610,634
610,639
610,640
610,641
610,765
610,772
610,773
611,573
611,633
611,634
611,635
611,640
611,641
611,642
611,643
611,765
611,772
611,773
612,574
612,634
612,635
612,636
612,637
612,641
612,642
612,643
612,644
612,764
612,772
612,773
613,575
613,636
613,637
613,638
613,643
613,644
613,645
613,764
613,772
613,773
614,577
614,637
614,638
614,639
614,640
614,644
614,645
614,646
614,647
614,764
614,772
614,773
615,578
615,639
615,640
615,641
615,646
615,647
615,648
615,772
615,773
616,579
616,640
616,641
616,642
616,643
616,647
616,648
616,649
616,650
616,763
616,771
616,772
616,773
617,581
617,642
617,643
617,644
617,649
617,650
617,651
617,763
617,771
617,772
617,773
618,582
618,643
618,644
618,645
618,646
618,650
618,651
618,652
618,653
618,763
619,583
619,644
619,645
619,646
619,647
619,652
619,653
620,585
620,646
620,647
620,648
620,649
620,654
620,655
620,762
620,773
620,774
620,775
621,586
621,647
621,648
621,649
621,650
621,655
621,656
621,657
621,762
621,772
621,773
621,774
621,775
622,587
622,649
622,650
622,651
622,652
622,657
622,658
622,762
622,770
622,771
622,772
622,773
623,589
623,650
623,651
623,652
623,653
623,658
623,659
623,660
623,761
623,762
623,768
623,769
623,770
623,771
624,590
624,652
624,653
624,654
624,659
624,660
624,661
624,761
624,768
624,769
624,770
625,591
625,653
625,654
625,655
625,656
625,661
625,662
625,663
625,761
625,767
625,768
625,769
626,592
626,655
626,656
626,657
626,662
626,663
626,664
626,761
626,767
626,768
626,1117
626,1118
626,1119
627,594
627,656
627,657
627,658
627,659
627,664
627,665
627,767
627,768
627,1114
627,1115
627,1116
627,1117
627,1118
627,1119
627,1120
627,1121
627,1122
628,595
628,658
628,659
628,660
628,665
628,666
628,667
628,760
628,766
628,767
628,1112
628,1113
628,1114
628,1115
628,1116
628,1117
628,1118
628,1119
628,1120
628,1121
628,1122
628,1123
628,1124
629,596
629,659
629,660
629,661
629,662
629,667
629,668
629,760
629,766
629,767
629,1111
629,1112
629,1113
629,1114
629,1115
629,1116
629,1117
629,1118
629,1119
629,1120
629,1121
629,1122
629,1123
629,1124
629,1125
630,598
630,661
630,662
630,663
630,668
630,669
630,670
630,760
630,766
630,767
630,1111
630,1112
630,1113
630,1114
630,1115
630,1116
630,1117
630,1118
630,1119
630,1120
630,1121
630,1122
630,1123
630,1124
630,1125
631,599
631,662
631,663
631,664
631,665
631,669
631,670
631,671
631,765
631,766
631,1110
631,1111
631,1112
631,1113
631,1114
631,1115
631,1116
631,1117
631,1118
631,1119
631,1120
631,1121
631,1122
631,1123
631,1124
631,1125
631,1126
632,600
632,663
632,664
632,665
632,666
632,671
632,672
632,673
632,759
632,765
632,766
632,1110
632,1111
632,1113
632,1114
632,1115
632,1116
632,1117
632,1118
632,1119
632,1120
632,1121
632,1122
632,1123
632,1124
632,1125
632,1126
633,602
633,665
633,666
633,667
633,668
633,672
633,673
633,674
633,759
633,765
633,1110
633,1111
633,1113
633,1116
633,1121
633,1122
633,1123
633,1125
633,1126
634,603
634,666
634,667
634,668
634,669
634,674
634,675
634,676
634,759
634,764
634,765
634,1109
634,1110
634,1111
634,1113
634,1122
634,1125
634,1126
634,1127
635,604
635,668
635,669
635,670
635,675
635,676
635,677
635,759
635,764
635,765
635,1109
635,1110
635,1111
635,1113
635,1125
635,1126
635,1127
636,606
636,669
636,670
636,671
636,672
636,677
636,678
636,679
636,758
636,764
636,1109
636,1110
636,1111
636,1113
636,1114
636,1115
636,1116
636,1125
636,1126
636,1127
637,607
637,671
637,672
637,673
637,678
637,679
637,680
637,758
637,763
637,764
637,1109
637,1110
637,1111
637,1125
637,1126
637,1127
638,608
638,672
638,673
638,674
638,675
638,680
638,681
638,758
638,763
638,1110
638,1111
638,1125
638,1126
639,610
639,673
639,674
639,675
639,676
639,681
639,682
639,683
639,757
639,758
639,762
639,763
639,1110
639,1111
639,1113
639,1114
639,1115
639,1116
639,1117
639,1118
639,1119
639,1120
639,1121
639,1122
639,1123
639,1125
639,1126
640,611
640,675
640,676
640,677
640,678
640,682
640,683
640,684
640,757
640,762
640,763
640,1111
640,1112
640,1113
640,1114
640,1115
640,1116
640,1117
640,1118
640,1119
640,1120
640,1121
640,1122
640,1123
640,1124
640,1125
641,612
641,676
641,677
641,678
641,679
641,684
641,685
641,686
641,757
641,762
641,763
641,1111
641,1112
641,1113
641,1114
641,1115
641,1116
641,1117
641,1118
641,1119
641,1120
641,1121
641,1122
641,1123
641,1124
641,1125
642,678
642,679
642,680
642,681
642,685
642,686
642,687
642,757
642,761
642,762
642,763
642,1112
642,1113
642,1114
642,1115
642,1116
642,1117
642,1118
642,1119
642,1120
642,1121
642,1122
642,1123
642,1124
643,615
643,679
643,680
643,681
643,682
643,687
643,688
643,689
643,756
643,757
643,761
643,762
643,1113
643,1114
643,1115
643,1116
643,1117
643,1118
643,1119
643,1120
643,1121
643,1122
643,1123
644,616
644,681
644,682
644,683
644,688
644,689
644,690
644,756
644,761
644,762
644,1113
644,1114
644,1115
644,1116
644,1117
644,1118
644,1119
644,1120
644,1121
644,1122
644,1123
645,617
645,682
645,683
645,684
645,685
645,690
645,691
645,692
645,756
645,760
645,761
645,762
645,1114
645,1115
645,1116
645,1117
645,1118
645,1119
645,1120
645,1121
645,1122
646,619
646,683
646,684
646,685
646,686
646,691
646,692
646,693
646,755
646,756
646,760
646,761
646,1115
646,1116
646,1117
646,1118
646,1119
646,1120
646,1121
647,620
647,685
647,686
647,687
647,688
647,693
647,694
647,755
647,760
647,761
647,1116
647,1117
647,1118
647,1119
647,1120
648,621
648,686
648,687
648,688
648,689
648,694
648,695
648,696
648,755
648,760
648,1116
648,1117
648,1118
648,1119
648,1120
649,623
649,688
649,689
649,690
649,691
649,695
649,696
649,697
649,755
649,759
649,760
649,1117
649,1118
649,1119
650,624
650,689
650,690
650,691
650,692
650,697
650,698
650,699
650,759
650,760
650,1117
650,1118
650,1119
651,625
651,691
651,692
651,693
651,698
651,699
651,700
651,754
651,758
651,759
651,1118
652,627
652,692
652,693
652,694
652,695
652,700
652,701
652,702
652,754
652,758
652,759
652,1118
653,628
653,694
653,695
653,696
653,701
653,702
653,703
653,754
653,757
653,758
653,759
654,629
654,695
654,696
654,697
654,698
654,703
654,704
654,705
654,757
654,758
655,630
655,696
655,697
655,698
655,699
655,704
655,705
655,706
655,753
655,757
655,758
656,632
656,698
656,699
656,700
656,701
656,706
656,707
656,708
656,753
656,756
656,757
656,758
657,633
657,699
657,700
657,701
657,702
657,707
657,708
657,709
657,753
657,756
657,757
658,634
658,701
658,702
658,703
658,708
658,709
658,710
658,751
658,752
658,753
658,756
658,757
659,636
659,702
659,703
659,704
659,705
659,710
659,711
659,712
659,751
659,752
659,755
659,756
659,757
660,637
660,704
660,705
660,706
660,711
660,712
660,713
660,751
660,752
660,755
660,756
661,638
661,705
661,706
661,707
661,708
661,713
661,714
661,715
661,750
661,752
661,755
661,756
662,640
662,706
662,707
662,708
662,709
662,714
662,715
662,716
662,750
662,751
662,754
662,755
663,641
663,708
663,709
663,710
663,711
663,716
663,717
663,718
663,749
663,750
663,751
663,754
663,755
664,642
664,709
664,710
664,711
664,712
664,717
664,718
664,719
664,749
664,750
664,751
664,753
664,754
664,755
665,644
665,711
665,712
665,713
665,719
665,720
665,721
665,749
665,750
665,751
665,753
665,754
666,645
666,712
666,713
666,714
666,715
666,720
666,721
666,722
666,748
666,749
666,750
666,753
666,754
667,646
667,714
667,715
667,716
667,721
667,722
667,723
667,748
667,749
667,750
667,752
667,753
667,754
668,715
668,716
668,717
668,718
668,723
668,724
668,725
668,748
668,750
668,752
668,753
669,649
669,716
669,717
669,718
669,719
669,724
669,725
669,726
669,747
669,748
669,750
669,752
669,753
670,650
670,718
670,719
670,720
670,721
670,726
670,727
670,728
670,747
670,748
670,751
670,752
670,753
671,651
671,719
671,720
671,721
671,722
671,727
671,728
671,729
671,747
671,749
671,751
671,752
672,653
672,721
672,722
672,723
672,729
672,730
672,731
672,746
672,747
672,749
672,751
672,752
673,654
673,722
673,723
673,724
673,725
673,730
673,731
673,732
673,746
673,747
673,749
673,750
673,751
674,655
674,724
674,725
674,726
674,732
674,733
674,734
674,745
674,746
674,750
674,751
675,657
675,725
675,726
675,727
675,728
675,733
675,734
675,735
675,745
675,746
675,748
675,749
675,750
675,751
676,658
676,727
676,728
676,729
676,734
676,735
676,736
676,737
676,745
676,748
676,749
676,750
677,659
677,728
677,729
677,730
677,731
677,736
677,737
677,738
677,744
677,745
677,748
677,749
677,750
678,661
678,729
678,730
678,731
678,732
678,737
678,738
678,739
678,744
678,745
678,747
678,748
678,749
678,750
679,662
679,731
679,732
679,733
679,739
679,740
679,741
679,744
679,747
679,748
679,749
680,663
680,732
680,733
680,734
680,735
680,740
680,741
680,742
680,743
680,744
680,747
680,748
680,749
681,664
681,734
681,735
681,736
681,742
681,743
681,744
681,747
681,748
681,749
682,666
682,735
682,736
682,737
682,738
682,743
682,746
682,747
682,748
683,667
683,737
683,738
683,739
683,746
683,747
683,748
684,668
684,738
684,739
684,740
684,741
684,746
684,747
684,748
685,670
685,739
685,740
685,741
685,742
685,746
685,747
686,671
686,741
686,742
686,743
686,744
686,745
686,746
686,747
687,672
687,742
687,743
687,744
687,745
687,746
688,674
688,744
688,745
688,746
689,675
689,745
689,746
690,676
690,744
691,744
692,679
692,744
693,680
694,681
694,743
695,683
695,743
696,684
696,743
697,685
698,687
698,742
699,688
699,742
700,689
700,742
701,691
702,692
702,741
703,693
703,741
704,741
705,696
706,697
706,740
707,698
707,740
708,700
708,740
709,701
709,739
710,702
710,739
711,704
711,739
712,705
713,706
713,738
714,708
714,738
715,709
715,738
716,710
717,712
717,737
718,713
718,737
719,714
719,737
720,715
721,717
721,736
722,736
723,736
724,725
724,726
725,728
725,729
725,735
726,731
726,732
726,735
727,734
773,1191
773,1192
774,1190
774,1191
774,1192
774,1193
774,1194
775,541
775,542
775,543
775,544
775,545
775,546
775,547
775,548
775,549
775,550
775,551
775,552
775,553
775,554
775,555
775,556
775,557
775,558
775,562
775,563
775,564
775,565
775,566
775,567
775,568
775,569
775,570
775,571
775,572
775,573
775,574
775,575
775,576
775,577
775,578
775,1190
775,1191
775,1192
775,1193
775,1194
776,541
776,542
776,543
776,544
776,545
776,546
776,547
776,548
776,549
776,550
776,551
776,552
776,553
776,554
776,555
776,556
776,557
776,558
776,562
776,563
776,564
776,565
776,566
776,567
776,568
776,569
776,570
776,571
776,572
776,573
776,574
776,575
776,576
776,577
776,578
776,1190
776,1191
776,1192
776,1193
776,1194
777,541
777,542
777,543
777,544
777,545
777,546
777,547
777,548
777,549
777,550
777,551
777,552
777,553
777,554
777,555
777,556
777,557
777,558
777,562
777,563
777,564
777,565
777,566
777,567
777,568
777,569
777,570
777,571
777,572
777,573
777,574
777,575
777,576
777,577
777,578
777,1190
777,1191
777,1192
777,1193
777,1194
778,541
778,542
778,543
778,544
778,545
778,546
778,547
778,548
778,549
778,550
778,551
778,552
778,553
778,554
778,555
778,556
778,557
778,558
778,562
778,563
778,564
778,565
778,566
778,567
778,568
778,569
778,570
778,571
778,572
778,573
778,574
778,575
778,576
778,577
778,578
778,1191
778,1192
779,541
779,542
779,543
779,544
779,545
779,546
779,547
779,548
779,549
779,550
779,551
779,552
779,553
779,554
779,555
779,556
779,557
779,558
779,562
779,563
779,564
779,565
779,566
779,567
779,568
779,569
779,570
779,571
779,572
779,573
779,574
779,575
779,576
779,577
779,578
780,541
780,542
780,543
780,544
780,545
780,546
780,547
780,548
780,549
780,550
780,551
780,552
780,553
780,554
780,555
780,556
780,557
780,558
780,562
780,563
780,564
780,565
780,566
780,567
780,568
780,569
780,570
780,571
780,572
780,573
780,574
780,575
780,576
780,577
780,578
780,1189
780,1190
780,1194
780,1195
781,541
781,542
781,543
781,544
781,545
781,546
781,547
781,548
781,549
781,550
781,551
781,552
781,553
781,554
781,555
781,556
781,557
781,558
781,562
781,563
781,564
781,565
781,566
781,567
781,568
781,569
781,570
781,571
781,572
781,573
781,574
781,575
781,576
781,577
781,578
781,1189
781,1190
781,1193
781,1194
781,1195
782,1188
782,1189
782,1190
782,1191
782,1192
782,1193
782,1194
782,1195
783,1188
783,1190
783,1191
783,1192
783,1193
783,1195
784,1188
784,1190
784,1191
784,1192
784,1193
784,1196
785,1190
785,1191
785,1192
785,1193
785,1196
786,1190
786,1191
786,1193
787,1190
787,1191
787,1193
788,1190
788,1191
788,1193
789,1190
789,1191
789,1193
